
ZAI = [
922350
942390
641550
641570
666
0
];

NAMES = [
'U235            '
'Pu239           '
'Gd155           '
'Gd157           '
'lost            '
'total           '
];

i922350 = 1; iU235             = 1;
i942390 = 2; iPu239            = 2;
i641550 = 3; iGd155            = 3;
i641570 = 4; iGd157            = 4;
iLOST    = 5;
iTOT     = 6;

MAT_Fuel_VOLUME = [ 2.19993E+04 2.19993E+04 2.19993E+04 2.19993E+04 2.19993E+04 2.19993E+04 2.19993E+04 2.19993E+04 2.19993E+04 2.19993E+04 2.19993E+04 2.19993E+04 2.19993E+04 2.19993E+04 2.19993E+04 2.19993E+04 2.19993E+04 2.19993E+04 2.19993E+04 2.19993E+04 2.19993E+04 2.19993E+04 2.19993E+04 2.19993E+04 2.19993E+04 2.19993E+04 2.19993E+04 2.19993E+04 2.19993E+04 2.19993E+04 2.19993E+04 2.19993E+04 2.19993E+04 2.19993E+04 2.19993E+04 2.19993E+04 2.19993E+04 2.19993E+04 2.19993E+04 2.19993E+04 2.19993E+04 2.19993E+04 2.19993E+04 2.19993E+04 2.19993E+04 2.19993E+04 2.19993E+04 2.19993E+04 2.19993E+04 2.19993E+04 2.19993E+04 2.19993E+04 2.19993E+04 2.19993E+04 2.19993E+04 2.19993E+04 2.19993E+04 2.19993E+04 2.19993E+04 2.19993E+04 2.19993E+04 ];

MAT_Fuel_BURNUP = [ 0.00000E+00 1.72534E-03 1.72533E-02 8.62668E-02 1.72533E-01 2.58800E-01 3.45066E-01 4.31333E-01 5.17599E-01 6.03865E-01 6.90132E-01 7.76398E-01 8.62665E-01 9.48931E-01 1.03520E+00 1.12146E+00 1.20773E+00 1.29400E+00 1.38026E+00 1.46653E+00 1.55280E+00 1.63906E+00 1.72533E+00 1.89786E+00 2.07039E+00 2.24292E+00 2.41546E+00 2.58799E+00 3.45065E+00 4.31331E+00 5.17597E+00 6.03864E+00 6.90130E+00 7.76397E+00 8.62664E+00 1.03520E+01 1.20773E+01 1.38026E+01 1.55279E+01 1.72533E+01 1.89786E+01 2.07039E+01 2.24292E+01 2.41546E+01 2.58799E+01 2.76052E+01 2.93306E+01 3.10559E+01 3.27812E+01 3.45065E+01 4.31331E+01 5.17597E+01 6.03864E+01 6.90130E+01 7.76398E+01 8.62666E+01 9.48934E+01 1.03520E+02 1.12147E+02 1.20774E+02 1.29400E+02 ];

MAT_Fuel_ADENS = [
1.30539E-03 1.30534E-03 1.30487E-03 1.30279E-03 1.30019E-03 1.29760E-03 1.29502E-03 1.29245E-03 1.28988E-03 1.28732E-03 1.28476E-03 1.28222E-03 1.27968E-03 1.27714E-03 1.27462E-03 1.27210E-03 1.26958E-03 1.26708E-03 1.26457E-03 1.26208E-03 1.25959E-03 1.25711E-03 1.25463E-03 1.24970E-03 1.24478E-03 1.23990E-03 1.23503E-03 1.23019E-03 1.20630E-03 1.18292E-03 1.16002E-03 1.13757E-03 1.11555E-03 1.09392E-03 1.07268E-03 1.03128E-03 9.91243E-04 9.52468E-04 9.14871E-04 8.78397E-04 8.42974E-04 8.08556E-04 7.75107E-04 7.42570E-04 7.10918E-04 6.80118E-04 6.50114E-04 6.20898E-04 5.92437E-04 5.64705E-04 4.36441E-04 3.26188E-04 2.35468E-04 1.64048E-04 1.10538E-04 7.25013E-05 4.67067E-05 2.98449E-05 1.91048E-05 1.23272E-05 8.04724E-06 % U235
0.00000E+00 2.15036E-10 2.94817E-08 5.43811E-07 1.54924E-06 2.65377E-06 3.77422E-06 4.89159E-06 6.00193E-06 7.10453E-06 8.19893E-06 9.28501E-06 1.03628E-05 1.14326E-05 1.24945E-05 1.35487E-05 1.45953E-05 1.56341E-05 1.66653E-05 1.76890E-05 1.87050E-05 1.97138E-05 2.07153E-05 2.26969E-05 2.46515E-05 2.65774E-05 2.84763E-05 3.03491E-05 3.93364E-05 4.77405E-05 5.56096E-05 6.29791E-05 6.98910E-05 7.63859E-05 8.24926E-05 9.36233E-05 1.03463E-04 1.12151E-04 1.19805E-04 1.26549E-04 1.32445E-04 1.37574E-04 1.41993E-04 1.45777E-04 1.48965E-04 1.51597E-04 1.53715E-04 1.55364E-04 1.56557E-04 1.57342E-04 1.56783E-04 1.52962E-04 1.48792E-04 1.44557E-04 1.40839E-04 1.37830E-04 1.35607E-04 1.34174E-04 1.33165E-04 1.32422E-04 1.31694E-04 % Pu239
0.00000E+00 2.31396E-16 3.36234E-14 8.46805E-13 3.28761E-12 7.16496E-12 1.23362E-11 1.86706E-11 2.60500E-11 3.43649E-11 4.35191E-11 5.34188E-11 6.39848E-11 7.51397E-11 8.68126E-11 9.89415E-11 1.11476E-10 1.24357E-10 1.37539E-10 1.50983E-10 1.64643E-10 1.78489E-10 1.92487E-10 2.20826E-10 2.49451E-10 2.78229E-10 3.07004E-10 3.35679E-10 4.75302E-10 6.05676E-10 7.27252E-10 8.41639E-10 9.51170E-10 1.05838E-09 1.16478E-09 1.38306E-09 1.61376E-09 1.86285E-09 2.13351E-09 2.42509E-09 2.73475E-09 3.06374E-09 3.40588E-09 3.76083E-09 4.12482E-09 4.49103E-09 4.85959E-09 5.22597E-09 5.58919E-09 5.95258E-09 7.67387E-09 9.08656E-09 1.03150E-08 1.13736E-08 1.22108E-08 1.30509E-08 1.38691E-08 1.47222E-08 1.56069E-08 1.65241E-08 1.73517E-08 % Gd155
0.00000E+00 1.83888E-13 1.54835E-11 1.48826E-10 2.94522E-10 4.09926E-10 5.02514E-10 5.77916E-10 6.40462E-10 6.92890E-10 7.37833E-10 7.76697E-10 8.10968E-10 8.41493E-10 8.69051E-10 8.94167E-10 9.17581E-10 9.39370E-10 9.59842E-10 9.79351E-10 9.97834E-10 1.01557E-09 1.03271E-09 1.06541E-09 1.09615E-09 1.12622E-09 1.15478E-09 1.18266E-09 1.31229E-09 1.42936E-09 1.54082E-09 1.64553E-09 1.74378E-09 1.83766E-09 1.92788E-09 2.10077E-09 2.26135E-09 2.41245E-09 2.55703E-09 2.69614E-09 2.82484E-09 2.95335E-09 3.07451E-09 3.19780E-09 3.31093E-09 3.41992E-09 3.52599E-09 3.62881E-09 3.73089E-09 3.82732E-09 4.37959E-09 5.13193E-09 6.06337E-09 7.14431E-09 8.34927E-09 9.71387E-09 1.11793E-08 1.27935E-08 1.45191E-08 1.63116E-08 1.80502E-08 % Gd157
0.00000E+00 3.25259E-15 3.25054E-14 1.62446E-13 3.24883E-13 4.87394E-13 6.49699E-13 8.11904E-13 9.74266E-13 1.13649E-12 1.29881E-12 1.46110E-12 1.62328E-12 1.78542E-12 1.94757E-12 2.10970E-12 2.27180E-12 2.43385E-12 2.59595E-12 2.75797E-12 2.91993E-12 3.08190E-12 3.24386E-12 3.56747E-12 3.89120E-12 4.21488E-12 4.53817E-12 4.86143E-12 6.47653E-12 8.08913E-12 9.70009E-12 1.13077E-11 1.29134E-11 1.45169E-11 1.61194E-11 1.93167E-11 2.25062E-11 2.56878E-11 2.88627E-11 3.20311E-11 3.51932E-11 3.83506E-11 4.15007E-11 4.46416E-11 4.77765E-11 5.09044E-11 5.40252E-11 5.71369E-11 6.02414E-11 6.33373E-11 7.88452E-11 9.47882E-11 1.11509E-10 1.29036E-10 1.47305E-10 1.66230E-10 1.85684E-10 2.05485E-10 2.25522E-10 2.45661E-10 2.65843E-10 % lost data
7.34227E-02 7.34228E-02 7.34232E-02 7.34249E-02 7.34271E-02 7.34293E-02 7.34315E-02 7.34337E-02 7.34359E-02 7.34381E-02 7.34403E-02 7.34425E-02 7.34446E-02 7.34468E-02 7.34490E-02 7.34512E-02 7.34534E-02 7.34556E-02 7.34578E-02 7.34600E-02 7.34622E-02 7.34644E-02 7.34666E-02 7.34709E-02 7.34753E-02 7.34797E-02 7.34841E-02 7.34885E-02 7.35104E-02 7.35323E-02 7.35541E-02 7.35760E-02 7.35979E-02 7.36197E-02 7.36416E-02 7.36852E-02 7.37289E-02 7.37725E-02 7.38161E-02 7.38597E-02 7.39032E-02 7.39468E-02 7.39903E-02 7.40338E-02 7.40774E-02 7.41209E-02 7.41644E-02 7.42079E-02 7.42514E-02 7.42949E-02 7.45127E-02 7.47308E-02 7.49486E-02 7.51664E-02 7.53842E-02 7.56020E-02 7.58198E-02 7.60377E-02 7.62559E-02 7.64741E-02 7.66926E-02 % total
];

