
DETpinpowers = [
    1    1    1    1    1    1    1    1    1    1  0.00000E+00 0.00000 
    2    1    1    1    1    1    1    1    1    2  0.00000E+00 0.00000 
    3    1    1    1    1    1    1    1    1    3  0.00000E+00 0.00000 
    4    1    1    1    1    1    1    1    1    4  0.00000E+00 0.00000 
    5    1    1    1    1    1    1    1    1    5  0.00000E+00 0.00000 
    6    1    1    1    1    1    1    1    1    6  0.00000E+00 0.00000 
    7    1    1    1    1    1    1    1    1    7  0.00000E+00 0.00000 
    8    1    1    1    1    1    1    1    1    8  0.00000E+00 0.00000 
    9    1    1    1    1    1    1    1    1    9  0.00000E+00 0.00000 
   10    1    1    1    1    1    1    1    1   10  0.00000E+00 0.00000 
   11    1    1    1    1    1    1    1    1   11  0.00000E+00 0.00000 
   12    1    1    1    1    1    1    1    1   12  0.00000E+00 0.00000 
   13    1    1    1    1    1    1    1    1   13  0.00000E+00 0.00000 
   14    1    1    1    1    1    1    1    1   14  0.00000E+00 0.00000 
   15    1    1    1    1    1    1    1    1   15  0.00000E+00 0.00000 
   16    1    1    1    1    1    1    1    1   16  0.00000E+00 0.00000 
   17    1    1    1    1    1    1    1    1   17  0.00000E+00 0.00000 
   18    1    1    1    1    1    1    1    2    1  0.00000E+00 0.00000 
   19    1    1    1    1    1    1    1    2    2  0.00000E+00 0.00000 
   20    1    1    1    1    1    1    1    2    3  0.00000E+00 0.00000 
   21    1    1    1    1    1    1    1    2    4  0.00000E+00 0.00000 
   22    1    1    1    1    1    1    1    2    5  0.00000E+00 0.00000 
   23    1    1    1    1    1    1    1    2    6  0.00000E+00 0.00000 
   24    1    1    1    1    1    1    1    2    7  0.00000E+00 0.00000 
   25    1    1    1    1    1    1    1    2    8  0.00000E+00 0.00000 
   26    1    1    1    1    1    1    1    2    9  0.00000E+00 0.00000 
   27    1    1    1    1    1    1    1    2   10  0.00000E+00 0.00000 
   28    1    1    1    1    1    1    1    2   11  0.00000E+00 0.00000 
   29    1    1    1    1    1    1    1    2   12  0.00000E+00 0.00000 
   30    1    1    1    1    1    1    1    2   13  0.00000E+00 0.00000 
   31    1    1    1    1    1    1    1    2   14  0.00000E+00 0.00000 
   32    1    1    1    1    1    1    1    2   15  0.00000E+00 0.00000 
   33    1    1    1    1    1    1    1    2   16  0.00000E+00 0.00000 
   34    1    1    1    1    1    1    1    2   17  0.00000E+00 0.00000 
   35    1    1    1    1    1    1    1    3    1  0.00000E+00 0.00000 
   36    1    1    1    1    1    1    1    3    2  0.00000E+00 0.00000 
   37    1    1    1    1    1    1    1    3    3  0.00000E+00 0.00000 
   38    1    1    1    1    1    1    1    3    4  0.00000E+00 0.00000 
   39    1    1    1    1    1    1    1    3    5  0.00000E+00 0.00000 
   40    1    1    1    1    1    1    1    3    6  0.00000E+00 0.00000 
   41    1    1    1    1    1    1    1    3    7  0.00000E+00 0.00000 
   42    1    1    1    1    1    1    1    3    8  0.00000E+00 0.00000 
   43    1    1    1    1    1    1    1    3    9  0.00000E+00 0.00000 
   44    1    1    1    1    1    1    1    3   10  0.00000E+00 0.00000 
   45    1    1    1    1    1    1    1    3   11  0.00000E+00 0.00000 
   46    1    1    1    1    1    1    1    3   12  0.00000E+00 0.00000 
   47    1    1    1    1    1    1    1    3   13  0.00000E+00 0.00000 
   48    1    1    1    1    1    1    1    3   14  0.00000E+00 0.00000 
   49    1    1    1    1    1    1    1    3   15  0.00000E+00 0.00000 
   50    1    1    1    1    1    1    1    3   16  0.00000E+00 0.00000 
   51    1    1    1    1    1    1    1    3   17  0.00000E+00 0.00000 
   52    1    1    1    1    1    1    1    4    1  0.00000E+00 0.00000 
   53    1    1    1    1    1    1    1    4    2  0.00000E+00 0.00000 
   54    1    1    1    1    1    1    1    4    3  0.00000E+00 0.00000 
   55    1    1    1    1    1    1    1    4    4  0.00000E+00 0.00000 
   56    1    1    1    1    1    1    1    4    5  0.00000E+00 0.00000 
   57    1    1    1    1    1    1    1    4    6  0.00000E+00 0.00000 
   58    1    1    1    1    1    1    1    4    7  0.00000E+00 0.00000 
   59    1    1    1    1    1    1    1    4    8  0.00000E+00 0.00000 
   60    1    1    1    1    1    1    1    4    9  0.00000E+00 0.00000 
   61    1    1    1    1    1    1    1    4   10  0.00000E+00 0.00000 
   62    1    1    1    1    1    1    1    4   11  0.00000E+00 0.00000 
   63    1    1    1    1    1    1    1    4   12  0.00000E+00 0.00000 
   64    1    1    1    1    1    1    1    4   13  0.00000E+00 0.00000 
   65    1    1    1    1    1    1    1    4   14  0.00000E+00 0.00000 
   66    1    1    1    1    1    1    1    4   15  0.00000E+00 0.00000 
   67    1    1    1    1    1    1    1    4   16  0.00000E+00 0.00000 
   68    1    1    1    1    1    1    1    4   17  0.00000E+00 0.00000 
   69    1    1    1    1    1    1    1    5    1  0.00000E+00 0.00000 
   70    1    1    1    1    1    1    1    5    2  0.00000E+00 0.00000 
   71    1    1    1    1    1    1    1    5    3  0.00000E+00 0.00000 
   72    1    1    1    1    1    1    1    5    4  0.00000E+00 0.00000 
   73    1    1    1    1    1    1    1    5    5  0.00000E+00 0.00000 
   74    1    1    1    1    1    1    1    5    6  0.00000E+00 0.00000 
   75    1    1    1    1    1    1    1    5    7  0.00000E+00 0.00000 
   76    1    1    1    1    1    1    1    5    8  0.00000E+00 0.00000 
   77    1    1    1    1    1    1    1    5    9  0.00000E+00 0.00000 
   78    1    1    1    1    1    1    1    5   10  0.00000E+00 0.00000 
   79    1    1    1    1    1    1    1    5   11  0.00000E+00 0.00000 
   80    1    1    1    1    1    1    1    5   12  0.00000E+00 0.00000 
   81    1    1    1    1    1    1    1    5   13  0.00000E+00 0.00000 
   82    1    1    1    1    1    1    1    5   14  0.00000E+00 0.00000 
   83    1    1    1    1    1    1    1    5   15  0.00000E+00 0.00000 
   84    1    1    1    1    1    1    1    5   16  0.00000E+00 0.00000 
   85    1    1    1    1    1    1    1    5   17  0.00000E+00 0.00000 
   86    1    1    1    1    1    1    1    6    1  0.00000E+00 0.00000 
   87    1    1    1    1    1    1    1    6    2  0.00000E+00 0.00000 
   88    1    1    1    1    1    1    1    6    3  0.00000E+00 0.00000 
   89    1    1    1    1    1    1    1    6    4  0.00000E+00 0.00000 
   90    1    1    1    1    1    1    1    6    5  0.00000E+00 0.00000 
   91    1    1    1    1    1    1    1    6    6  0.00000E+00 0.00000 
   92    1    1    1    1    1    1    1    6    7  0.00000E+00 0.00000 
   93    1    1    1    1    1    1    1    6    8  0.00000E+00 0.00000 
   94    1    1    1    1    1    1    1    6    9  0.00000E+00 0.00000 
   95    1    1    1    1    1    1    1    6   10  0.00000E+00 0.00000 
   96    1    1    1    1    1    1    1    6   11  0.00000E+00 0.00000 
   97    1    1    1    1    1    1    1    6   12  0.00000E+00 0.00000 
   98    1    1    1    1    1    1    1    6   13  0.00000E+00 0.00000 
   99    1    1    1    1    1    1    1    6   14  0.00000E+00 0.00000 
  100    1    1    1    1    1    1    1    6   15  0.00000E+00 0.00000 
  101    1    1    1    1    1    1    1    6   16  0.00000E+00 0.00000 
  102    1    1    1    1    1    1    1    6   17  0.00000E+00 0.00000 
  103    1    1    1    1    1    1    1    7    1  0.00000E+00 0.00000 
  104    1    1    1    1    1    1    1    7    2  0.00000E+00 0.00000 
  105    1    1    1    1    1    1    1    7    3  0.00000E+00 0.00000 
  106    1    1    1    1    1    1    1    7    4  0.00000E+00 0.00000 
  107    1    1    1    1    1    1    1    7    5  0.00000E+00 0.00000 
  108    1    1    1    1    1    1    1    7    6  0.00000E+00 0.00000 
  109    1    1    1    1    1    1    1    7    7  0.00000E+00 0.00000 
